0.213 0.0290
0.213 0.0260
0.216 0.0234
0.222 0.0215
0.226 0.0234
0.235 0.0261
0.238 0.0235
0.245 0.0272
0.248 0.0236
0.256 0.0267
0.256 0.0237
0.256 0.0217
0.268 0.0269
0.268 0.0240
0.280 0.0284
0.290 0.0257
0.295 0.0304
0.305 0.0251
0.314 0.0272
0.316 0.0309
0.330 0.0254
0.331 0.0311
0.331 0.0279
0.342 0.0354
0.348 0.0310
0.361 0.0296
0.375 0.0316
0.394 0.0313
0.404 0.0262
0.406 0.0372
0.412 0.0292
0.413 0.0327
0.423 0.0379
0.430 0.0345
0.452 0.0336
0.457 0.0294
0.472 0.0370
0.474 0.0331
0.474 0.0299
0.483 0.0272
0.499 0.0331
0.500 0.0300
0.501 0.0377
0.504 0.0282
0.514 0.0323
0.524 0.0343
0.524 0.0398
0.535 0.0446
0.548 0.0389
0.567 0.0340
0.573 0.0323
0.590 0.0404
0.593 0.0354
0.620 0.0356
0.622 0.0411
0.641 0.0296
0.644 0.0369
0.677 0.0314
0.690 0.0524
0.690 0.0470
0.690 0.0407
0.714 0.0349
0.739 0.0568
0.739 0.0510
0.741 0.0449
0.743 0.0663
0.743 0.0356
0.763 0.0734
0.778 0.0668
0.801 0.0524
0.801 0.0477
0.806 0.0806
0.810 0.0724
0.810 0.0650
0.810 0.0583
0.839 0.0389
0.858 0.0510
0.868 0.0436
0.878 0.0378
0.909 0.0549
0.909 0.0392
0.910 0.0446
0.952 0.0453
0.991 0.0470
1.02 0.0508
1.05 0.0459
1.09 0.0434
1.13 0.0464
1.14 0.0424
1.17 0.0382
1.20 0.0474
1.20 0.0425
1.20 0.0543
1.22 0.0384
1.25 0.0586
1.25 0.0524
1.25 0.0470
1.25 0.0422
1.28 0.0379
1.32 0.0422
1.33 0.0478
1.39 0.0485
1.44 0.0432
1.46 0.0483
1.49 0.0542
1.50 0.0426
1.52 0.0402
1.55 0.0483
1.57 0.0538
1.59 0.0452
1.63 0.0509
1.70 0.0510
1.76 0.0573
1.78 0.0488
1.82 0.0444
1.87 0.0583
1.87 0.0428
1.88 0.0513
1.90 0.0490
1.97 0.0544
2.04 0.0505
2.14 0.0494
2.16 0.0620
2.17 0.0553
2.22 0.0470
2.26 0.0458
2.26 0.0616
2.33 0.0517
2.34 0.0659
2.34 0.0591
2.41 0.0483
2.47 0.0452
2.55 0.0440
2.57 0.0511
2.68 0.0552
2.78 0.0618
2.78 0.0486
2.81 0.0545
2.91 0.0515
2.99 0.0517
3.03 0.0566
3.06 0.0659
3.11 0.0806
3.11 0.0724
3.12 0.0907
3.19 0.0650
3.21 0.0898
3.21 0.0806
3.21 0.0724
3.21 0.0558
3.30 0.0521
3.40 0.0568
3.42 0.0510
3.42 0.0458
3.46 0.0412
3.54 0.0371
3.58 0.0422
3.60 0.0486
3.66 0.0650
3.67 0.0568
3.70 0.0808
3.70 0.0725
3.86 0.0712
3.89 0.0792
4.01 0.0779
4.08 0.0902
