0.0421 0.0420
0.0451 0.0422
0.0483 0.0422
0.0517 0.0422
0.0554 0.0422
0.0594 0.0422
0.0636 0.0422
0.0682 0.0422
0.0731 0.0422
0.0783 0.0422
0.0839 0.0422
0.0899 0.0422
0.0963 0.0422
0.103 0.0417
0.111 0.0411
0.119 0.0411
0.127 0.0411
0.136 0.0396
0.146 0.0388
0.156 0.0389
0.167 0.0387
0.179 0.0379
0.192 0.0386
0.206 0.0390
0.221 0.0409
0.238 0.0416
0.253 0.0447
0.271 0.0461
0.291 0.0485
0.312 0.0503
0.334 0.0525
0.358 0.0550
0.383 0.0557
0.411 0.0583
0.440 0.0581
0.469 0.0595
0.508 0.0639
0.538 0.0659
0.580 0.0686
0.636 0.0712
0.682 0.0729
0.710 0.0764
0.783 0.0801
1.03 0.0853
1.11 0.0892
1.18 0.0920
1.27 0.0922
1.36 0.0922
1.43 0.0931
1.57 0.0913
1.67 0.0922
1.79 0.0922
1.92 0.0920
2.08 0.0894
2.23 0.0845
2.39 0.0828
2.56 0.0828
2.75 0.0828
2.94 0.0828
3.17 0.0838
3.36 0.0781
3.54 0.0716
3.75 0.0866
3.96 0.0922
