0.219 0.00106
0.221 0.000946
0.228 0.000794
0.231 0.00102
0.234 0.000896
0.241 0.000773
0.242 0.000896
0.252 0.00106
0.260 0.000958
0.262 0.000845
0.264 0.00110
0.270 0.00122
0.276 0.00100
0.277 0.000868
0.279 0.000757
0.289 0.000980
0.289 0.000884
0.301 0.00128
0.312 0.00114
0.323 0.00104
0.335 0.00115
0.352 0.00116
0.360 0.000920
0.360 0.000838
0.370 0.00112
0.379 0.00130
0.396 0.00117
0.398 0.00103
0.420 0.00127
0.428 0.00115
0.428 0.00104
0.448 0.00121
0.470 0.00118
0.477 0.00107
0.487 0.000941
0.491 0.00108
0.500 0.00127
0.517 0.00132
0.557 0.00103
0.561 0.00111
0.562 0.00126
0.577 0.00134
0.594 0.00154
0.600 0.00166
0.615 0.00127
0.622 0.00139
0.651 0.00156
0.682 0.00169
0.699 0.00131
0.710 0.00147
0.731 0.00157
0.757 0.00166
0.769 0.00134
0.775 0.00147
0.793 0.00172
0.796 0.00188
0.815 0.00171
0.815 0.00149
0.837 0.00122
0.839 0.00138
0.863 0.00156
0.873 0.00173
0.904 0.00183
0.930 0.00144
0.941 0.00164
0.974 0.00187
1.00 0.00196
1.03 0.00145
1.03 0.00170
1.06 0.00202
1.09 0.00175
1.11 0.00189
1.14 0.00160
1.15 0.00176
1.16 0.00201
1.22 0.00219
1.24 0.00202
1.24 0.00178
1.28 0.00218
1.32 0.00166
1.33 0.00193
1.37 0.00237
1.38 0.00263
1.44 0.00232
1.45 0.00185
1.46 0.00207
1.51 0.00248
1.55 0.00183
1.56 0.00211
1.60 0.00254
1.62 0.00293
1.64 0.00212
1.66 0.00258
1.66 0.00231
1.75 0.00249
1.77 0.00224
1.84 0.00266
1.93 0.00243
1.94 0.00269
1.99 0.00328
2.06 0.00360
2.09 0.00274
2.11 0.00297
2.14 0.00331
2.18 0.00380
2.26 0.00381
2.30 0.00343
2.34 0.00324
2.43 0.00305
2.44 0.00346
2.52 0.00483
2.52 0.00428
2.56 0.00376
2.59 0.00328
2.68 0.00398
2.70 0.00359
2.75 0.00483
2.88 0.00418
2.88 0.00484
3.03 0.00516
3.11 0.00615
3.25 0.00621
3.30 0.00569
3.31 0.00494
3.42 0.00643
3.52 0.00575
3.56 0.00658
3.71 0.00733
3.83 0.00856
3.88 0.00748
3.99 0.00743
4.01 0.00854
4.07 0.00980
4.25 0.00969
4.35 0.00850
4.37 0.0111
4.40 0.00934
4.49 0.0128
4.58 0.0111
4.65 0.0140
4.68 0.0102
4.72 0.00900
4.84 0.0119
4.90 0.0138
4.90 0.0101
4.97 0.0116
5.12 0.0145
5.19 0.0169
5.41 0.0194
5.48 0.0178
5.66 0.0204
5.71 0.0181
5.87 0.0257
5.89 0.0220
6.04 0.0224
6.09 0.0280
6.29 0.0320
6.32 0.0264
6.37 0.0282
6.55 0.0343
6.69 0.0389
6.82 0.0336
6.86 0.0411
6.86 0.0369
6.92 0.0456
7.06 0.0570
7.06 0.0513
7.23 0.0479
7.35 0.0507
7.41 0.0575
7.56 0.0677
7.60 0.0599
7.60 0.0545
7.65 0.0771
7.87 0.0714
8.00 0.0795
8.10 0.0898
