0.00212 0.000137
0.00226 0.000145
0.00241 0.000153
0.00268 0.000171
0.00286 0.000182
0.00315 0.000199
0.00338 0.000211
0.00352 0.000218
0.00386 0.000237
0.00416 0.000257
0.00451 0.000277
0.00482 0.000298
0.00517 0.000319
0.00554 0.000342
0.00594 0.000368
0.00637 0.000393
0.00682 0.000420
0.00731 0.000449
0.00783 0.000478
0.00839 0.000512
0.00899 0.000554
0.00963 0.000593
0.0103 0.000627
0.0111 0.000677
0.0118 0.000724
0.0127 0.000787
0.0136 0.000839
0.0146 0.000910
0.0156 0.000982
0.0167 0.00105
0.0179 0.00113
0.0192 0.00121
0.0206 0.00129
0.0221 0.00136
0.0236 0.00146
0.0246 0.00152
