0.0135 0.000860
0.0140 0.000860
0.0144 0.000860
0.0146 0.000860
0.0156 0.000860
0.0167 0.000860
0.0179 0.000860
0.0206 0.000894
0.0221 0.000898
0.0236 0.000908
0.0253 0.000908
0.0272 0.000908
0.0291 0.000908
0.0312 0.000908
0.0334 0.000908
0.0358 0.000922
0.0384 0.000933
0.0411 0.000933
0.0440 0.000933
0.0472 0.000933
0.0506 0.000956
0.0542 0.000971
0.0580 0.000971
0.0622 0.000974
0.0666 0.000985
0.0714 0.000987
0.0765 0.00101
0.0806 0.00101
0.0909 0.00106
0.0974 0.00107
0.104 0.00108
0.112 0.00110
0.120 0.00112
0.128 0.00114
0.138 0.00117
0.147 0.00118
0.158 0.00119
0.169 0.00122
0.181 0.00122
0.196 0.00125
0.208 0.00128
0.439 0.00181
0.488 0.00197
0.523 0.00204
0.561 0.00207
0.601 0.00217
0.644 0.00218
0.690 0.00223
0.739 0.00234
0.792 0.00240
0.848 0.00253
0.909 0.00262
0.974 0.00275
1.04 0.00286
1.12 0.00305
1.20 0.00326
1.28 0.00345
1.38 0.00365
1.47 0.00379
1.58 0.00405
1.69 0.00431
1.81 0.00448
1.94 0.00453
2.08 0.00478
2.23 0.00511
2.39 0.00540
2.56 0.00575
2.75 0.00611
2.94 0.00635
3.15 0.00654
3.38 0.00668
3.62 0.00690
3.88 0.00755
4.15 0.00803
4.45 0.00835
4.77 0.00889
5.08 0.00929
5.48 0.0101
5.87 0.0107
6.29 0.0116
6.74 0.0124
7.22 0.0134
7.74 0.0144
8.29 0.0153
8.88 0.0163
9.52 0.0173
10.2 0.0185
10.9 0.0197
11.7 0.0208
12.5 0.0228
13.4 0.0249
14.4 0.0262
15.4 0.0280
16.5 0.0295
17.7 0.0319
19.0 0.0346
20.3 0.0371
21.8 0.0390
23.4 0.0420
25.0 0.0450
26.8 0.0497
28.7 0.0533
30.8 0.0577
33.0 0.0609
35.4 0.0650
37.9 0.0694
40.6 0.0735
43.5 0.0787
46.6 0.0834
50.0 0.0891
52.6 0.0931
