0.00211 0.00260
0.00227 0.00260
0.00244 0.00260
0.00262 0.00260
0.00281 0.00260
0.00302 0.00260
0.00325 0.00263
0.00349 0.00260
0.00375 0.00260
0.00403 0.00260
0.00430 0.00264
0.00461 0.00264
0.00494 0.00264
0.00530 0.00264
0.00567 0.00264
0.00608 0.00264
0.00651 0.00264
0.00698 0.00264
0.00748 0.00264
0.00804 0.00260
0.00866 0.00260
0.00930 0.00260
0.00999 0.00260
0.0107 0.00260
0.0115 0.00263
0.0124 0.00263
0.0133 0.00263
0.0143 0.00266
0.0154 0.00273
0.0166 0.00278
0.0177 0.00278
0.0190 0.00278
0.0204 0.00278
0.0218 0.00278
0.0234 0.00280
0.0250 0.00289
0.0268 0.00288
0.0286 0.00286
0.0308 0.00289
0.0330 0.00293
0.0354 0.00297
0.0379 0.00313
0.0406 0.00319
0.0435 0.00333
0.0466 0.00335
0.0500 0.00342
0.0536 0.00347
0.0580 0.00357
0.0622 0.00367
0.0663 0.00377
0.0702 0.00389
0.0763 0.00407
0.0820 0.00421
0.0878 0.00447
0.0941 0.00467
0.101 0.00492
0.108 0.00527
0.116 0.00583
0.124 0.00629
0.133 0.00668
0.142 0.00713
0.153 0.00766
0.164 0.00793
0.175 0.00833
0.188 0.00895
0.201 0.00913
0.212 0.00934
