4.97 0.00536
5.12 0.00476
5.20 0.00610
5.20 0.00582
5.20 0.00555
5.20 0.00529
5.20 0.00511
5.25 0.00643
5.29 0.00454
5.45 0.00603
5.50 0.00617
5.54 0.00511
5.58 0.00575
5.58 0.00548
5.58 0.00523
5.67 0.00487
5.67 0.00465
5.67 0.00443
5.76 0.00425
5.81 0.00449
5.81 0.00408
5.85 0.00385
5.94 0.00367
6.04 0.00338
6.09 0.00371
6.18 0.00403
6.23 0.00420
6.28 0.00438
6.28 0.00371
6.38 0.00517
6.48 0.00482
6.48 0.00465
6.68 0.00536
6.74 0.00575
6.74 0.00548
6.79 0.00517
6.84 0.00493
6.84 0.00470
6.84 0.00449
6.90 0.00433
7.01 0.00517
7.01 0.00493
7.01 0.00476
7.12 0.00582
7.12 0.00555
7.12 0.00536
7.34 0.00575
7.58 0.00596
7.64 0.00568
7.82 0.00568
7.88 0.00536
7.88 0.00511
7.88 0.00487
7.94 0.00433
8.07 0.00454
8.19 0.00470
8.39 0.00624
8.39 0.00596
8.39 0.00568
8.39 0.00542
8.39 0.00517
8.45 0.00493
8.45 0.00476
8.86 0.00624
9.00 0.00575
9.14 0.00517
9.14 0.00493
9.36 0.00589
9.36 0.00562
9.50 0.00529
9.58 0.00505
9.58 0.00465
9.58 0.00413
9.65 0.00484
9.88 0.00511
10.2 0.00568
10.5 0.00610
10.5 0.00582
10.5 0.00499
10.8 0.00454
11.0 0.00596
11.0 0.00575
11.4 0.00670
11.4 0.00617
11.5 0.00636
11.6 0.00548
12.1 0.00639
12.1 0.00617
12.4 0.00558
12.7 0.00639
12.7 0.00610
12.8 0.00536
13.1 0.00575
13.2 0.00621
13.5 0.00575
13.7 0.00511
13.8 0.00624
13.9 0.00720
13.9 0.00686
13.9 0.00655
13.9 0.00596
13.9 0.00575
14.2 0.00745
14.8 0.00555
15.1 0.00791
15.1 0.00754
15.1 0.00720
15.1 0.00686
15.1 0.00655
15.1 0.00624
15.3 0.00568
15.6 0.00603
15.7 0.00529
16.6 0.00810
16.6 0.00582
17.1 0.00869
17.1 0.00829
17.4 0.00617
17.5 0.00728
17.5 0.00695
17.5 0.00662
17.5 0.00632
17.6 0.00575
17.8 0.00599
17.9 0.00624
19.8 0.00686
19.8 0.00659
20.6 0.00670
21.3 0.00670
21.6 0.00603
21.9 0.00548
22.3 0.00639
23.0 0.00647
23.4 0.00791
23.4 0.00763
23.5 0.00839
23.7 0.00695
24.1 0.00782
24.3 0.00854
24.9 0.00782
25.5 0.00869
25.7 0.00829
26.5 0.00849
26.5 0.00819
26.9 0.00955
26.9 0.00791
27.8 0.00819
28.2 0.00754
28.6 0.00901
28.9 0.00849
29.8 0.00890
30.0 0.0130
30.0 0.0124
31.0 0.00955
31.0 0.00911
31.5 0.0110
31.7 0.0139
31.9 0.0135
31.9 0.0122
31.9 0.00955
33.0 0.0121
34.5 0.0128
35.1 0.0164
35.1 0.0148
35.4 0.0197
35.6 0.0155
36.2 0.0199
36.2 0.0192
36.8 0.0179
37.9 0.0203
37.9 0.0163
39.5 0.0241
39.8 0.0213
39.8 0.0203
41.7 0.0273
41.7 0.0213
42.3 0.0221
43.3 0.0196
44.4 0.0276
44.4 0.0267
44.7 0.0292
45.8 0.0363
46.5 0.0307
47.2 0.0338
48.0 0.0367
48.4 0.0354
49.5 0.0363
50.3 0.0413
50.3 0.0399
51.1 0.0354
52.3 0.0334
52.7 0.0433
52.7 0.0413
52.7 0.0394
52.7 0.0376
52.7 0.0363
53.1 0.0499
53.1 0.0476
53.1 0.0457
53.5 0.0603
53.5 0.0575
53.5 0.0548
53.5 0.0523
54.4 0.0639
56.1 0.0670
57.4 0.0745
57.9 0.0703
58.8 0.0922
58.8 0.0880
59.7 0.0754
61.6 0.0922
