0.00211 0.00140
0.00226 0.00141
0.00242 0.00140
0.00259 0.00140
0.00278 0.00140
0.00298 0.00140
0.00319 0.00140
0.00342 0.00140
0.00366 0.00140
0.00393 0.00140
0.00421 0.00140
0.00451 0.00140
0.00483 0.00140
0.00517 0.00140
0.00554 0.00140
0.00594 0.00140
0.00637 0.00140
0.00682 0.00140
0.00731 0.00140
0.00783 0.00140
0.00834 0.00140
0.00910 0.00144
0.00975 0.00144
0.0104 0.00144
0.0112 0.00144
0.0120 0.00144
0.0128 0.00144
0.0138 0.00144
0.0147 0.00144
0.0164 0.00149
0.0175 0.00149
0.0188 0.00149
0.0201 0.00152
0.0216 0.00154
0.0231 0.00154
0.0248 0.00156
0.0264 0.00156
0.0284 0.00160
0.0305 0.00163
0.0326 0.00171
0.0358 0.00171
0.0384 0.00175
0.0411 0.00181
0.0440 0.00185
0.0472 0.00187
0.0506 0.00196
0.0542 0.00199
0.0580 0.00204
0.0622 0.00210
0.0666 0.00219
0.0714 0.00225
0.0765 0.00237
0.0820 0.00247
0.0878 0.00259
0.0941 0.00271
0.101 0.00285
0.108 0.00309
0.116 0.00326
0.124 0.00345
0.133 0.00365
0.142 0.00380
0.153 0.00406
0.164 0.00433
0.175 0.00462
0.188 0.00491
0.201 0.00522
0.212 0.00545
