0.00213 0.00588
0.00229 0.00629
0.00245 0.00661
0.00262 0.00693
0.00281 0.00726
0.00301 0.00775
0.00323 0.00824
0.00346 0.00887
0.00371 0.00949
0.00397 0.0100
0.00425 0.0107
0.00456 0.0114
0.00489 0.0121
0.00523 0.0130
0.00561 0.0136
0.00601 0.0148
0.00644 0.0157
0.00690 0.0172
0.00739 0.0185
0.00792 0.0199
0.00849 0.0210
0.00910 0.0224
0.00975 0.0233
0.0104 0.0254
0.0112 0.0271
0.0120 0.0286
0.0128 0.0309
0.0138 0.0331
0.0148 0.0357
0.0158 0.0381
0.0169 0.0410
0.0181 0.0431
0.0194 0.0460
0.0208 0.0502
0.0223 0.0537
0.0239 0.0586
0.0256 0.0623
0.0275 0.0674
0.0294 0.0714
0.0315 0.0769
0.0338 0.0826
0.0362 0.0900
0.0386 0.0925
