0.00211 0.00530
0.00226 0.00536
0.00242 0.00575
0.00259 0.00575
0.00278 0.00579
0.00298 0.00607
0.00319 0.00632
0.00342 0.00643
0.00366 0.00658
0.00393 0.00691
0.00421 0.00712
0.00451 0.00746
0.00483 0.00772
0.00517 0.00803
0.00554 0.00848
0.00594 0.00901
0.00637 0.00921
0.00682 0.00975
0.00731 0.0101
0.00783 0.0107
0.00839 0.0110
0.00899 0.0116
0.00963 0.0121
0.0103 0.0128
0.0111 0.0133
0.0119 0.0140
0.0127 0.0150
0.0136 0.0159
0.0146 0.0171
0.0156 0.0184
0.0167 0.0196
0.0179 0.0204
0.0192 0.0215
0.0206 0.0230
0.0221 0.0245
0.0236 0.0254
0.0253 0.0271
0.0272 0.0283
0.0291 0.0294
0.0312 0.0322
0.0334 0.0343
0.0358 0.0367
0.0384 0.0391
0.0411 0.0427
0.0440 0.0458
0.0472 0.0491
0.0504 0.0517
0.0539 0.0554
0.0586 0.0601
0.0627 0.0641
0.0678 0.0693
0.0718 0.0726
0.0792 0.0799
0.0844 0.0842
0.0910 0.0913
0.0947 0.0935
