0.00208 0.000102
0.00215 0.000107
0.00226 0.000111
0.00242 0.000118
0.00259 0.000124
0.00278 0.000134
0.00298 0.000144
0.00319 0.000153
0.00342 0.000166
0.00366 0.000182
0.00393 0.000194
0.00421 0.000204
0.00451 0.000217
0.00483 0.000230
0.00517 0.000247
0.00554 0.000271
0.00594 0.000291
0.00637 0.000315
0.00682 0.000336
0.00731 0.000362
0.00783 0.000382
0.00839 0.000409
0.00899 0.000442
0.00963 0.000477
0.0103 0.000501
0.0111 0.000535
0.0119 0.000573
0.0127 0.000606
0.0136 0.000647
0.0146 0.000703
0.0156 0.000766
0.0169 0.000847
0.0181 0.000894
0.0194 0.000922
0.0208 0.000985
0.0223 0.00107
0.0239 0.00118
0.0256 0.00127
0.0275 0.00134
0.0294 0.00147
0.0315 0.00158
0.0338 0.00168
0.0362 0.00180
0.0388 0.00193
0.0416 0.00204
0.0445 0.00217
0.0477 0.00235
0.0511 0.00245
0.0548 0.00260
0.0587 0.00283
0.0629 0.00309
0.0672 0.00334
0.0722 0.00356
0.0774 0.00380
0.0829 0.00408
0.0889 0.00441
0.0952 0.00465
0.102 0.00486
0.109 0.00511
0.118 0.00543
0.126 0.00576
0.134 0.00615
0.144 0.00656
0.154 0.00699
0.165 0.00748
0.177 0.00789
0.190 0.00854
0.204 0.00911
0.217 0.00942
0.234 0.0100
0.250 0.0109
0.268 0.0116
0.288 0.0124
0.308 0.0134
0.328 0.0144
0.354 0.0158
0.379 0.0175
0.406 0.0188
0.435 0.0204
0.464 0.0219
0.500 0.0246
0.535 0.0271
0.574 0.0302
0.615 0.0324
0.659 0.0357
0.706 0.0383
0.756 0.0416
0.810 0.0451
0.868 0.0484
0.930 0.0511
0.997 0.0553
1.07 0.0601
1.14 0.0653
1.23 0.0714
1.31 0.0776
1.41 0.0843
1.51 0.0912
1.58 0.0935
